1
20 200 1
17 8 164
2 17 104
8 16 9
20 6 198
13 14 146
8 7 196
6 1 197
1 19 42
9 7 138
16 2 63
19 13 47
17 18 68
16 7 87
1 3 124
14 20 129
14 10 43
6 3 163
10 7 1
12 5 63
9 20 38
15 10 76
7 1 14
17 6 26
18 3 19
17 11 89
8 12 150
11 4 185
7 5 129
11 20 61
16 1 110
3 14 31
20 18 162
4 8 59
8 18 90
2 1 149
19 16 119
3 11 184
10 12 7
11 10 165
6 16 172
2 19 89
6 9 167
16 20 144
20 4 130
12 13 42
12 17 7
15 5 135
8 1 31
13 7 114
5 16 15
2 3 47
2 4 198
20 10 102
19 5 30
6 6 88
8 20 197
6 11 19
12 11 112
6 18 98
7 18 69
9 2 33
18 5 113
2 13 118
5 8 108
13 17 70
15 9 167
19 11 143
14 2 1
13 9 164
19 8 161
15 1 103
4 17 124
14 7 57
20 15 25
5 17 57
10 5 125
1 1 110
11 1 67
7 6 98
7 15 196
2 6 136
16 4 32
18 18 187
5 6 167
1 9 136
1 4 149
3 7 145
17 20 107
14 19 96
16 12 183
10 13 71
3 5 73
18 4 196
16 9 134
9 3 64
20 2 166
9 9 78
14 9 173
18 13 92
5 9 114
6 10 113
8 8 52
16 3 106
16 11 22
13 3 175
16 17 20
20 13 47
11 11 13
15 11 179
20 20 119
14 8 25
2 8 138
8 11 39
20 19 185
8 9 106
18 14 3
4 6 193
3 10 182
18 11 17
4 7 144
9 19 185
7 20 15
14 17 174
19 18 1
7 12 34
14 4 151
15 16 60
19 19 3
19 17 8
5 11 107
3 20 193
5 13 77
13 13 141
17 10 78
18 16 26
17 1 5
16 16 149
12 3 62
20 5 6
6 14 98
10 16 198
3 17 19
15 18 15
8 6 147
8 15 81
8 3 164
4 13 89
15 12 76
17 7 70
18 9 36
3 15 137
2 11 194
14 14 3
10 9 199
12 14 49
9 17 29
1 14 75
12 1 95
3 3 83
9 12 179
12 2 155
1 20 23
4 12 89
2 7 153
18 12 120
2 18 69
18 1 122
18 10 86
13 11 115
6 15 124
8 10 119
4 19 77
15 2 46
1 5 99
15 13 196
6 12 119
12 20 2
19 7 12
19 15 96
4 3 4
11 9 79
10 4 117
5 2 30
2 2 29
10 2 4
13 16 145
5 4 62
10 19 10
4 9 99
6 13 118
13 8 41
5 5 51
14 16 65
6 19 58
10 10 136
14 5 182
4 4 69
17 17 90
3 19 84
10 1 33
5 9
